0: [56, 35, 47, 31, 62, 33, 72, 94]
1: [76, 82, 44, 36, 20, 34, 11, 94, 50, 45]
2: [9, 75, 64, 23]
3: [37]
4: [34, 24]
5: [66]
6: [27, 79, 87]
7: [2, 38, 84, 21, 24, 58, 16, 81, 56, 10]
8: [98]
9: [89, 82, 63, 35, 10]
10: [34, 51, 95]
11: [64, 50, 3, 78, 0, 30, 85]
12: [4, 16, 93, 94, 87, 83, 51]
13: [60, 89, 29, 2, 6, 92, 35]
14: [85, 5, 78, 62, 19, 27, 76]
15: [21, 11, 81, 52, 56, 51, 80]
16: [53, 65, 24, 84, 77, 42, 17, 52, 49]
17: [13, 11, 46, 23, 30, 87, 68, 12]
18: [70, 93, 45, 65, 17, 46, 10]
19: [54]
20: [60, 42, 69, 52, 34, 57, 37]
21: [58, 76, 81, 63, 85, 93, 31]
22: [93]
23: [91, 84, 17, 50, 95, 29, 27]
24: [66, 27, 51, 97, 30, 67]
25: [89, 62, 46, 49, 0, 9, 19, 5, 84]
26: [7, 68, 10, 62, 30, 57, 49, 32, 71, 11]
27: [98, 31, 5, 56, 93]
28: [81, 78, 40, 53, 93]
29: [25, 1, 76, 26, 36, 17, 14, 97]
30: [70, 56, 11, 7, 32, 48, 47]
31: [1, 92, 6, 42, 46, 99, 22, 74, 11]
32: [75, 50, 44, 28, 36, 66]
33: [13, 14]
34: [12, 19, 22, 36, 73, 5, 61, 37]
35: [14, 50, 96]
36: [42, 92, 3, 6, 98, 88]
37: [92, 86]
38: [89, 81]
39: [4, 56, 82, 99, 72, 29, 79]
40: [9, 70, 3, 36, 51, 6, 68]
41: [18, 34, 20, 15, 11]
42: [56, 22, 38, 2, 91, 78]
43: [38, 44, 7]
44: [20]
45: [30, 18, 75]
46: [22, 31, 56, 4, 55, 62, 59, 64]
47: [90, 1, 9, 43, 18, 56]
48: [55]
49: [88, 54, 33]
50: [53, 26]
51: [22]
52: [61, 3, 13, 81, 14, 66]
53: [97, 74, 39]
54: [58, 47, 34, 31, 67, 70, 23]
55: [79, 91, 7]
56: [31]
57: [3, 47, 14, 67, 33]
58: [2, 75, 44, 91, 23]
59: [41]
60: [66]
61: [23, 58, 85, 92, 20, 5]
62: [75, 77, 38, 64, 30, 72]
63: [0]
64: [5]
65: [72, 41, 97, 87, 11, 70]
66: [74, 88, 78, 38]
67: [18, 3, 53, 99, 22, 96, 76, 24, 28]
68: [56, 2, 52, 62, 36, 32, 23, 61]
69: [37, 45, 23, 93, 35, 83, 46, 72]
70: [20, 10, 36, 69, 47, 34, 25, 83, 53, 5]
71: [56, 74, 18, 73, 60, 47, 81, 39, 49]
72: [8, 45, 56, 16, 24, 65, 81, 83]
73: [36, 95, 80, 94, 55, 81]
74: [44, 49, 56, 50, 92, 77, 63]
75: [57, 49]
76: [1, 29, 3, 36]
77: [75]
78: [93, 84, 61, 19, 20, 12, 57, 99]
79: [8, 24, 53]
80: [6, 99, 81, 89, 25, 70, 28, 49]
81: [54, 40, 75, 7, 3, 56, 43]
82: [45, 77, 62, 31, 18, 30, 40]
83: [62, 16, 40]
84: [72, 85, 99, 95, 93, 33, 71, 17, 8]
85: [65, 36, 58]
86: [61, 47]
87: [18, 23, 76, 98, 46, 49]
88: [92, 12, 16]
89: [4, 44, 88, 85, 83, 23, 8]
90: [94, 70, 3, 95, 32, 65, 64, 61]
91: [7, 77, 45, 51, 89, 81, 9, 56, 64, 37]
92: [33, 1, 86, 0, 57]
93: [75, 43, 39, 12, 31, 77, 92, 95]
94: [66, 47, 90, 3, 23]
95: [83, 19, 84, 93, 85]
96: [75, 59, 52, 32, 25, 85]
97: [96, 0, 48, 21, 94, 16, 98, 42, 61, 92]
98: [65, 69, 55, 54, 91, 13, 71, 47, 62, 27]
99: [27, 64, 83, 95, 34, 53]
